0 0.31796875 0.0421875 0.0546875 0.07421875
0 0.4203125 0.05390625 0.0484375 0.07890625
0 0.590625 0.1984375 0.034375 0.08125
0 0.54765625 0.24609375 0.059375 0.1109375
0 0.9296875 0.3375 0.0625 0.09609375
0 0.82734375 0.18671875 0.03828125 0.09140625
0 0.78203125 0.4609375 0.0796875 0.1203125
0 0.67734375 0.1234375 0.0671875 0.1140625
0 0.0734375 0.65859375 0.12578125 0.36484375
0 0.25546875 0.16640625 0.05234375 0.07734375
0 0.34296875 0.165625 0.07421875 0.11875
0 0.49453125 0.4 0.06484375 0.1375