0 0.32734375 0.190625 0.0640625 0.0890625
0 0.7515625 0.253125 0.08125 0.1109375
0 0.56953125 0.25546875 0.0578125 0.090625
0 0.2640625 0.2703125 0.04609375 0.0921875
0 0.925 0.29453125 0.0890625 0.10625
0 0.490625 0.33828125 0.10078125 0.13359375
0 0.31015625 0.03984375 0.053125 0.07265625
0 0.67890625 0.4015625 0.11484375 0.1859375
0 0.22421875 0.45546875 0.10078125 0.15625
0 0.07265625 0.46953125 0.1171875 0.15859375
0 0.821875 0.47421875 0.10078125 0.1671875
0 0.65 0.640625 0.1140625 0.17421875
0 0.3609375 0.621875 0.134375 0.18984375
0 0.14921875 0.0703125 0.05234375 0.109375
0 0.978125 0.084375 0.04375 0.08515625
0 0.7578125 0.7671875 0.109375 0.19453125
0 0.20859375 0.846875 0.16015625 0.24375
0 0.7328125 0.10078125 0.08203125 0.0890625
0 0.62890625 0.1015625 0.08125 0.12734375
0 0.23046875 0.10234375 0.07734375 0.13359375
0 0.08984375 0.12265625 0.06953125 0.109375
0 0.865625 0.12734375 0.0484375 0.11640625
0 0.43828125 0.13828125 0.059375 0.10234375